% Jack Ryan Joseph Sindelar

Vg=12;
R1=390;
R2=1100;
R3=1800;
R4=24000;
R5=30000;
R6=3000;
R7=15000;
R8=2000; 
R10=4700;

a=[1,0,0,0,0;(1/R3),-(1/R3 + 1/R4 + 1/R5 + 1/R10),(1/R4),0,(1/R5);(1/R2),(1/R4),-(1/R2 + 1/R4 + 1/R7 + 1/R6),(1/R6),(1/R7);(1/R1),0,(1/R6),-(1/R1 + 1/R6 + 1/R8),(1/R8);0,(1/R5),(1/R7),(1/R8),-(1/R5 + 1/R7 + 1/R8)];
b=[Vg;0;0;0;0];

v= a\b


Vg= 0;
a=[1,0,0,0,0;(1/R3),-(1/R3 + 1/R4 + 1/R5 - 1/R10),(1/R4),0,(1/R5);(1/R2),(1/R4),-(1/R2 + 1/R4 + 1/R7 + 1/R6),(1/R6),(1/R7);(1/R1),0,(1/R6),-(1/R1 + 1/R6 + 1/R8),(1/R8);0,(1/R5),(1/R7),(1/R8),-(1/R5 + 1/R7 + 1/R8)];
b=[Vg;0;0;0;1];

v1= a\b

